PIX @8C @8D 000
ADD 001 @8C @8C
ADD 001 @8E @8E
JGR 004 @8E @00
MOV 000 @8E 000
ADD 00C @8C @8C
ADD 001 @8F @8F
JGR 004 @8F @00
ADD 004 @8C @8C
MOV 000 @8F 000
ADD 001 @8D @8D
ADD @90 001 @90
JGR 004 @90 @00
MOV 000 @90 000
MOV 011 @8C 000
PIX @8C 000 000
ADD 001 @8C @8C
PIX @8C 000 000
ADD 00F @8C @8C
ADD 001 @8E @8E
JGR 002 @8E @3C
MOV 000 @8E 000
ADD 024 @8C @8C
JMP @3C 000 000
000 000 000 000
000 000 000 000
000 000 000 000
000 000 000 000
000 000 000 000
000 000 000 000
000 000 000 000
000 000 000 000
000 000 000 000
000 000 000 000
000 000 000 000
000 008 000 000
000 000 000 000
000 000 000 000
000 000 000 000
000 000 000 000
000 000 000 000
000 000 000 000
000 000 000 000
000 000 000 000
000 000 000 000
000 000 000 000
000 000 000 000
000 000 000 000
000 000 000 000
000 000 000 000
000 000 000 000
000 000 000 000
000 000 000 000
000 000 000 000
000 000 000 000
000 000 000 000
000 000 000 000
000 000 000 000
000 000 000 000
000 000 000 000
000 000 000 000
000 000 000 000
000 000 000 000
000 000 000 000