PIX @AC @38 000
ADD 001 @AC @AC
PIX @AC @39 000
ADD 001 @AC @AC
PIX @AC @39 000
ADD 001 @AC @AC
PIX @AC @39 000
ADD 001 @AC @AC
PIX @AC @38 000
FLP @38 @39 000
ADD 001 @AC @AC
JMP @00 000 000
000 000 000 000
000 000 000 000
003 00B 000 000
000 000 000 000
000 000 000 000
000 000 000 000
000 000 000 000
000 000 000 000
000 000 000 000
000 000 000 000
000 000 000 000
000 000 000 000
000 000 000 000
000 000 000 000
000 000 000 000
000 000 000 000
000 000 000 000
000 000 000 000
000 000 000 000
000 000 000 000
000 000 000 000
000 000 000 000
000 000 000 000
000 000 000 000
000 000 000 000
000 000 000 000
000 000 000 000
000 000 000 000
000 000 000 000
000 000 000 000
000 000 000 000
000 000 000 000
000 000 000 000
000 000 000 000
000 000 000 000
000 000 000 000
000 000 000 000
000 000 000 000
000 000 000 000
000 000 000 000
000 000 000 000
000 000 000 000
000 000 000 000
000 000 000 000
000 000 000 000
000 000 000 000
000 000 000 000
000 000 000 000
000 000 000 000
000 000 000 000
000 000 000 000
000 000 000 000