Version 0.9.7
7
 4 9 227 77 128 0 1
 5 80 400 206 81 2 2
 0 106 159 877 276 8 3
 1 168 68 206 81 140 4
 1 106 459 206 81 150 5
 3 407 456 203 58 160 6
 6 631 11 449 130 169 7
 0
42
 0 5 70 327 70 327 92 327 92 186 159 186 159 186 0 1 0 3
 0 5 70 340 70 340 70 419 159 419 159 420 159 420 0 1 0 3
 0 5 172 420 172 435 82 435 82 528 121 528 121 528 0 3 0 5
 0 5 393 368 393 368 393 368 393 420 393 420 393 420 0 3 0 3
 0 5 211 186 211 186 211 137 211 137 183 137 183 137 0 3 0 4
 0 5 418 493 418 493 418 450 471 450 471 420 471 420 0 6 0 3
 255 5 328 173 328 173 328 157 647 157 647 38 647 38 0 3 0 7
 0 5 692 368 692 368 692 368 692 420 692 420 692 420 0 3 0 3
 13328862 5 302 368 302 368 295 368 295 456 276 456 276 470 0 3 0 5
 13328862 5 315 368 315 368 312 368 312 470 295 470 295 470 0 3 0 5
 13328862 5 289 368 289 368 289 390 257 390 257 470 257 470 0 3 0 5
 13328862 5 276 368 276 368 276 367 238 367 238 470 238 470 0 3 0 5
 2526540 5 289 264 289 264 289 249 181 249 181 470 181 470 0 3 0 5
 2526540 5 263 264 263 264 263 263 200 263 200 470 200 470 0 3 0 5
 2526540 5 263 329 263 344 220 344 220 470 219 470 219 470 0 3 0 5
 2526540 5 315 264 315 237 165 237 165 470 162 470 162 470 0 3 0 5
 997375 5 666 329 666 329 732 329 732 265 393 265 393 264 0 3 0 3
 997375 5 614 342 614 342 614 342 380 342 380 342 380 342 0 3 0 3
 997375 5 354 355 354 355 354 355 679 355 679 355 679 355 0 3 0 3
 997375 5 601 329 601 329 601 329 367 329 367 329 367 329 0 3 0 3
 8480262 5 250 329 250 329 138 329 138 44 357 44 357 79 0 3 0 4
 8480262 5 302 225 302 225 292 225 292 79 300 79 300 79 0 3 0 4
 8480262 5 328 225 328 225 388 225 388 55 319 55 319 79 0 3 0 4
 8480262 5 276 225 276 225 257 225 257 59 338 59 338 79 0 3 0 4
 11722412 5 601 368 601 368 601 500 601 500 573 500 573 500 0 3 0 6
 11722412 5 593 500 593 500 593 523 679 523 679 368 679 368 0 6 0 3
 11722412 5 666 368 665 368 665 542 533 542 533 500 533 500 0 3 0 6
 11722412 5 614 368 623 368 623 532 553 532 553 500 553 500 0 3 0 6
 11737941 5 627 225 627 225 627 242 1058 242 1058 134 1058 134 0 3 0 7
 11737941 5 1045 134 1045 134 1045 259 614 259 614 225 614 225 0 7 0 3
 11737941 5 1032 134 1032 134 1032 222 692 222 692 225 692 225 0 7 0 3
 11737941 5 1019 134 1019 134 1019 207 679 207 679 225 679 225 0 7 0 3
 11737941 5 1006 134 1006 134 1006 193 666 193 666 225 666 225 0 7 0 3
 11737941 5 993 134 993 134 993 173 653 173 653 225 653 225 0 7 0 3
 11737941 5 980 134 980 134 980 162 640 162 640 225 640 225 0 7 0 3
 4681641 5 341 329 361 329 361 33 243 33 243 79 243 79 0 3 0 4
 188 5 159 173 159 173 70 173 70 173 70 241 70 241 0 3 0 1
 188 5 172 173 172 173 172 79 172 79 183 79 183 79 0 3 0 4
 188 5 185 407 185 407 185 413 121 413 121 470 121 470 0 3 0 5
 188 5 159 407 159 407 159 405 70 405 70 254 70 254 0 3 0 1
 188 5 601 225 601 225 601 225 601 173 601 173 601 173 0 3 0 3
 188 5 250 225 250 225 250 225 250 173 250 173 250 173 0 3 0 3
2
 7181 1 24 244 277 5 0 0 8583448 3
 7047 1 16 595 277 5 0 0 8583448 3
