Version 0.9.7
5
 4 10 175 77 128 0 1
 5 80 400 206 81 2 2
 0 185 95 877 276 8 3
 1 248 388 206 81 140 4
 3 669 390 203 58 150 5
 0
19
 0 5 71 249 71 249 106 249 106 457 263 457 263 457 0 1 0 4
 0 5 71 262 71 262 168 262 168 356 238 356 238 356 0 1 0 3
 0 5 381 356 381 356 394 356 394 304 381 304 381 304 0 3 0 3
 0 5 524 356 524 356 524 356 524 304 524 304 524 304 0 3 0 3
 0 5 667 356 667 356 667 356 667 304 667 304 667 304 0 3 0 3
 16711680 5 329 304 329 304 329 304 342 304 342 304 342 304 0 3 0 3
 11969495 5 472 304 472 304 472 294 355 294 355 304 355 304 0 3 0 3
 11969495 5 589 304 589 304 589 280 368 280 368 304 368 304 0 3 0 3
 1221591 5 459 304 459 304 459 384 361 384 361 399 361 399 0 3 0 4
 1221591 5 446 304 446 304 439 304 439 369 342 369 342 399 0 3 0 4
 96854 5 316 304 316 304 316 399 316 399 323 399 323 399 0 3 0 4
 96854 5 304 399 304 399 303 399 303 399 303 304 303 304 0 4 0 3
 1038515 5 602 304 602 304 602 434 602 434 715 434 715 434 0 3 0 5
 3158223 5 589 109 589 109 589 109 589 161 589 161 589 161 0 3 0 3
 3158223 5 446 109 446 109 446 109 446 161 446 161 446 161 0 3 0 3
 3158223 5 303 109 303 109 303 109 303 161 303 161 303 161 0 3 0 3
 3158223 5 71 202 71 202 71 399 71 399 263 399 263 399 0 1 0 4
 3158223 5 71 189 71 189 70 189 70 109 238 109 238 109 0 1 0 3
 2105376 5 706 356 706 356 688 356 688 427 680 427 680 427 0 3 0 5
3
 7004 1 14 583 213 5 0 0 8583448 3
 7008 1 14 440 213 5 0 0 8583448 3
 7032 1 14 297 213 5 0 0 8583448 3
