Version 0.9.7
5
 4 10 175 77 128 0 1
 5 80 400 206 81 2 2
 0 187 72 877 276 8 3
 3 530 11 203 58 140 4
 1 238 382 206 81 149 5
 0
20
 255 5 71 189 71 189 73 189 73 86 240 86 240 86 0 1 0 3
 255 5 253 393 253 393 103 393 103 202 71 202 71 202 0 5 0 1
 0 5 71 249 71 249 164 249 164 320 240 320 240 320 0 1 0 3
 0 5 71 262 71 262 84 262 84 451 253 451 253 451 0 1 0 5
 0 5 1007 320 1007 320 541 320 541 320 541 48 541 48 0 3 0 4
 0 5 370 320 370 320 370 320 370 281 370 281 370 281 0 3 0 3
 0 5 513 320 513 320 513 320 513 281 513 281 513 281 0 3 0 3
 255 5 292 138 292 138 292 138 292 86 292 86 292 86 0 3 0 3
 255 5 435 138 435 138 435 138 435 86 435 86 435 86 0 3 0 3
 13197534 5 461 281 461 281 461 244 305 244 305 177 305 177 0 3 0 3
 13197534 5 318 177 318 177 318 163 474 163 474 177 474 177 0 3 0 3
 4726947 5 500 281 500 281 498 281 498 152 448 152 448 177 0 3 0 3
 4726947 5 435 281 435 281 435 271 318 271 318 281 318 281 0 3 0 3
 1215484 5 487 281 487 281 487 381 313 381 313 406 313 406 0 3 0 5
 1215484 5 474 281 477 281 477 417 294 417 294 406 294 406 0 3 0 5
 10857984 5 305 281 305 281 305 393 305 393 313 393 313 393 0 3 0 5
 10857984 5 292 281 292 281 292 393 292 393 294 393 294 393 0 3 0 5
 1215484 5 461 177 467 177 467 402 332 402 332 406 332 406 0 3 0 5
 10857984 5 448 281 448 281 448 297 332 297 332 393 332 393 0 3 0 5
 10431818 5 331 177 331 177 331 171 576 171 576 55 576 55 0 3 0 4
2
 7008 1 14 429 190 5 0 0 8583448 3
 7032 1 14 286 190 5 0 0 8583448 3
