Version 0.9.7
5
 4 10 175 77 128 0 1
 5 80 400 206 81 2 2
 0 110 110 877 276 8 3
 1 88 428 206 81 140 4
 3 327 428 203 58 150 6
 0
29
 255 5 71 189 71 189 71 124 71 124 163 124 163 124 0 1 0 3
 255 5 103 439 103 439 99 439 99 202 71 202 71 202 0 4 0 1
 10485760 5 71 288 71 288 70 288 70 371 163 371 163 371 0 1 0 3
 10485760 5 103 497 103 497 50 497 50 415 176 415 176 371 0 4 0 3
 16711808 5 144 439 144 439 144 320 176 320 176 319 176 319 0 4 0 3
 16711808 5 163 439 163 439 162 439 162 332 189 332 189 319 0 4 0 3
 16482308 5 182 439 182 439 182 334 214 334 214 319 215 319 0 4 0 3
 16482308 5 201 439 201 439 201 343 228 343 228 319 228 319 0 4 0 3
 16711808 5 176 306 176 306 176 283 345 283 345 215 345 215 0 3 0 3
 16711808 5 202 319 202 319 202 328 332 328 332 319 332 319 0 3 0 3
 16711808 5 345 319 345 319 345 328 488 328 488 319 488 319 0 3 0 3
 16711808 5 202 306 202 306 195 306 195 215 189 215 189 215 0 3 0 3
 16744448 5 241 319 241 319 241 338 358 338 358 319 358 319 0 3 0 3
 16744448 5 371 319 371 319 371 307 501 307 501 319 501 319 0 3 0 3
 16744448 5 241 306 208 306 208 221 202 221 202 215 202 215 0 3 0 3
 10485760 5 254 319 254 319 254 319 254 371 254 371 254 371 0 3 0 3
 10485760 5 410 319 410 319 410 319 410 371 410 371 410 371 0 3 0 3
 10485760 5 566 371 566 371 566 371 566 319 566 319 566 319 0 3 0 3
 10485760 5 338 465 338 465 338 394 579 394 579 371 579 371 0 6 0 3
 255 5 176 124 176 124 176 124 176 176 176 176 176 176 0 3 0 3
 255 5 332 124 332 124 332 124 332 176 332 176 332 176 0 3 0 3
 255 5 488 176 488 176 488 176 488 124 488 124 488 124 0 3 0 3
 8454016 5 215 215 215 215 215 204 371 204 371 215 371 215 0 3 0 3
 16777088 5 384 215 384 215 384 203 501 203 501 215 501 215 0 3 0 3
 4194368 5 358 215 358 215 358 211 514 211 514 215 514 215 0 3 0 3
 12615935 5 527 215 527 215 527 204 540 204 540 215 540 215 0 3 0 3
 32896 5 397 280 397 280 397 276 553 276 553 215 553 215 0 3 0 3
 33023 5 514 319 514 319 514 299 384 299 384 280 384 280 0 3 0 3
 8454143 5 566 215 566 215 590 215 590 521 373 521 373 472 0 3 0 6
3
 7008 1 14 170 228 5 0 0 8583448 3
 7032 1 14 482 228 5 0 0 8583448 3
 7004 1 14 326 228 5 0 0 8583448 3
