Version 0.9.7
5
 4 10 175 77 128 0 1
 5 80 400 206 81 2 2
 0 110 110 877 276 8 3
 1 202 27 206 81 140 4
 3 308 402 203 58 150 5
 0
22
 255 5 71 202 71 202 4 202 4 38 217 38 217 38 0 1 0 4
 255 5 163 137 163 137 163 137 71 137 71 189 71 189 0 3 0 1
 255 5 241 176 241 176 241 176 241 137 241 137 241 137 0 3 0 3
 0 5 332 319 332 319 335 319 335 358 332 358 332 358 0 3 0 3
 0 5 254 319 254 319 254 319 254 319 254 358 254 358 0 3 0 3
 0 5 280 319 280 319 282 319 282 358 280 358 280 358 0 3 0 3
 255 5 449 371 449 371 492 371 492 137 449 137 449 137 0 3 0 3
 255 5 267 306 267 306 268 306 268 371 267 371 267 371 0 3 0 3
 8388863 5 254 176 254 176 254 64 254 64 258 64 258 64 0 3 0 4
 8388863 5 277 64 277 64 280 64 280 64 280 176 280 176 0 4 0 3
 8388863 5 293 176 293 176 293 64 293 64 296 64 296 64 0 3 0 4
 8388863 5 319 215 319 215 319 64 319 64 315 64 315 64 0 3 0 4
 11127349 5 241 280 241 280 452 280 452 82 334 82 334 64 0 3 0 4
 11127349 5 267 176 267 176 267 224 353 224 353 64 353 64 0 3 0 4
 11127349 5 372 64 372 35 528 35 528 198 306 198 306 176 0 4 0 3
 11127349 5 391 51 391 51 566 51 566 160 332 160 332 176 0 4 0 3
 10309297 5 474 446 474 446 474 517 306 517 306 319 306 319 0 5 0 3
 10309297 5 454 446 454 446 454 479 293 479 293 319 293 319 0 5 0 3
 10309297 5 319 319 319 319 319 395 522 395 522 446 494 446 0 3 0 5
 16711680 5 71 288 71 288 71 439 71 439 319 439 319 439 0 1 0 5
 16711680 5 71 275 71 275 71 358 71 358 163 358 163 358 0 1 0 3
 16711680 5 71 262 71 262 71 96 71 96 217 96 217 96 0 1 0 4
1
 7085 1 16 235 228 5 0 0 8583448 3
