Version 0.9.7
5
 4 10 175 77 128 0 1
 5 80 400 206 81 2 2
 0 110 110 877 276 8 3
 3 366 12 203 58 140 4
 1 160 394 206 81 149 6
 0
22
 255 5 202 358 202 343 80 343 80 228 71 228 71 228 0 3 0 1
 255 5 189 358 189 358 185 358 185 405 175 405 175 405 0 3 0 6
 0 5 175 463 175 463 175 463 176 463 176 371 176 371 0 6 0 3
 0 5 377 49 377 49 352 49 352 371 436 371 436 371 0 4 0 3
 0 5 71 288 71 288 71 371 71 371 163 371 163 371 0 1 0 3
 0 5 71 249 71 249 55 249 55 137 163 137 163 137 0 1 0 3
 0 5 475 215 475 215 475 215 475 137 475 137 475 137 0 3 0 3
 0 5 488 215 488 215 488 215 488 137 488 137 488 137 0 3 0 3
 255 5 488 280 488 280 488 280 488 358 488 358 488 358 0 3 0 3
 8388863 5 527 215 527 193 552 193 552 91 492 91 492 56 0 3 0 4
 8388863 5 501 280 501 280 473 280 473 56 472 56 472 56 0 3 0 4
 8388863 5 449 319 449 319 452 319 452 319 452 56 452 56 0 3 0 4
 8388863 5 462 215 462 215 462 223 412 223 412 56 412 56 0 3 0 4
 8388863 5 432 56 432 56 432 215 432 215 449 215 449 215 0 4 0 3
 5550925 5 514 280 514 280 514 416 330 416 330 405 330 405 0 3 0 6
 5550925 5 501 215 501 215 607 215 607 405 349 405 349 405 0 3 0 6
 5550925 5 475 280 475 280 476 280 476 405 311 405 311 405 0 3 0 6
 5550925 5 436 215 436 215 436 196 292 196 292 405 292 405 0 3 0 6
 9576862 5 514 215 514 187 573 187 573 447 273 447 273 405 0 3 0 6
 9576862 5 527 280 527 280 527 381 254 381 254 405 254 405 0 3 0 6
 9576862 5 462 280 462 280 462 329 235 329 235 405 235 405 0 3 0 6
 9576862 5 436 280 436 280 216 280 216 280 216 405 216 405 0 3 0 6
1
 7083 1 16 430 228 5 0 0 8583448 3
